#======================================================================

# Define Settings here

#======================================================================

[Settings]

# VLC Lighting GeoFences
topLeftPolyRegionCenterPointLat=40.75784362602174
topLeftPolyRegionCenterPointLng=-74.00263016382229
topLeftPolyRegionLat0=40.757840052756784
topLeftPolyRegionLng0=-74.00263707857006
topLeftPolyRegionLat1=40.757849106291545
topLeftPolyRegionLng1=-74.00263411949408
topLeftPolyRegionLat2=40.75784717548023
topLeftPolyRegionLng2=-74.00262336941847
topLeftPolyRegionLat3=40.75783814906758
topLeftPolyRegionLng3=-74.00262546658428

middleLeftPolyRegionCenterPointLat=40.75782044007001
middleLeftPolyRegionCenterPointLng=-74.00263495141594
middleLeftPolyRegionLat0=40.75781716686821
middleLeftPolyRegionLng0=-74.00264214331959
middleLeftPolyRegionLat1=40.757826289372346
middleLeftPolyRegionLng1=-74.0026392410865
middleLeftPolyRegionLat2=40.75782458449564
middleLeftPolyRegionLng2=-74.00262741400572
middleLeftPolyRegionLat3=40.75781487507474
middleLeftPolyRegionLng3=-74.00263033774894

topRightPolyRegionCenterPointLat=40.7578409834701
topRightPolyRegionCenterPointLng=-74.00261346225915
topRightPolyRegionLat0=40.75783725118037
topRightPolyRegionLng0=-74.00262061167315
topRightPolyRegionLat1=40.75784666237743
topRightPolyRegionLng1=-74.00261801056807
topRightPolyRegionLat2=40.75784458555508
topRightPolyRegionLng2=-74.00260676116486
topRightPolyRegionLat3=40.75783564902466
topRightPolyRegionLng3=-74.00260937456468

middleRightPolyRegionCenterPointLat=40.75781763191705
middleRightPolyRegionCenterPointLng=-74.00261752838328
middleRightPolyRegionLat0=40.75781423998973
middleRightPolyRegionLng0=-74.00262482444467
middleRightPolyRegionLat1=40.75782323739479
middleRightPolyRegionLng1=-74.0026218822696
middleRightPolyRegionLat2=40.75782129042486
middleRightPolyRegionLng2=-74.0026103609316
middleRightPolyRegionLat3=40.757812159840945
middleRightPolyRegionLng3=-74.00261287753074

bottomPolyRegionCenterPointLat=40.75779825514593
bottomPolyRegionCenterPointLng=-74.0026260320322
bottomPolyRegionLat0=40.75779497824967
bottomPolyRegionLng0=-74.00263341868803
bottomPolyRegionLat1=40.757804095992995
bottomPolyRegionLng1=-74.00263082833959
bottomPolyRegionLat2=40.75780216662446
bottomPolyRegionLng2=-74.00261906886625
bottomPolyRegionLat3=40.7577928339175
bottomPolyRegionLng3=-74.00262110303936



